1574915092
1574915093
1574915094
1574915095
1574915096
1574915097
1574915098
1574915099
1574915100
1574915101
1575269313
1575269314
1575269315
1575269316
1575269317
1575269318
1575269319
1575269320
1575269321
1575269322
1575269323
1575269324
1575269325
1575269326
1575269327
1575269328
1575269329
1575269330
1575269331
1576158467
1576158468
1576158469
1576158473
1576158476
1576158478
1576158481
1576158482
1576158483
1576158485
1576467294
1576467297
1576467298
1576467299
1576467300
1576467301
1576467302
1576467303
1576467304
1576467305
1576535666
1576578682
1576598556
1576629226
1576634211
1576634213
1576634215
1576634760
1576634762
1576823014
1576823015
1576823016
1576823017
1576823018
1576823019
1576823020
1576823022
1576823023
1576823024
1576823025
1576823026
1576823027
1576823028
1576823029
1576823030
1576823031
1576823032
1576823033
1577234387
1577234388
1577234389
1577234391
1577234392
1577234393
1577234396
1577234398
1577234399
1577234400
1577234401
1577234402
1577234404
1577234405
1577234407
1577234408
1577234412
1577234414
1577234417
1577234418
1577234421
1577234422
1577234427
1577234428
1577234429
1577234438
1577234441
1577234442
1577722903
1577722904
1577722905
1577722906
1577722907
1577722908
1577722909
1577722910
1577722911
1577722912
1577722913
1577722914
1577722915
1577722916
1577722919
1577722920
1577722924
1577722925
1577722926
1577722927
1577722928
1577722931
1577722932
1577722933
1577722934
1577722935
1577722936
1577722937
1577722940
1578132523
1578132524
1578132525
1578132527
1578132530
1578132531
1578132532
1578132534
1578132535
1578132540
1578132541
1578132543
1578132544
1578132548
1578132550
1578132553
1578132554
1578132555
1578132556
1578132557
1578132563
1578132565
1578132566
1578132568
1578132572
1578132575
1578132576
1578132578
1578758202
1578768505
1578770627
1578805336
1578805339
1578805341
1578805342
1578805345
1578805346
1578805347
1578805348
1578805349
1578805350
1578805352
1578805354
1578805355
1578805357
1578805358
1578805359
1578805360
1578805362
1578805365
1578805371
1578805372
1578805373
1578805377
1578805378
1578805379
1578805380
1578928904
1578977375
1578985991
1579001977
1579014577
1579016998
1579029057
1579029378
1579059332
1579064823
1579069107
1579072742
1579080841
1579080842
1579092600
1579140883
1579140885
1579151198
1579151726
1579259225
1579259226
1579259229
1579259230
1579259231
1579259232
1579259234
1579259236
1579259240
1579266686
1579385243
1579424129
1579444608
1579456286
1579472070
1579472071
1579472072
1579472074
1579472075
1579472076
1579472077
1579472078
1579472100
1579472101
1579473503
1579513559
1579514573
1579514574
1579514575
1579514576
1579747219
1579747220
1579747221
1579747222
1579747223
1579747224
1579747225
1579747226
1579747227
1579747228
1579747229
1579747230
1579747231
1579747235
1579747237
1579747238
1579747240
1579747242
1579747243
1579747244
1579747245
1579747246
1579747250
1579747251
1579747254
1579747255
1579747261
1579747262
1579747263
1580147758
1580147759
1580147760
1580147761
1580147762
1580147763
1580147764
1580147765
1580147768
1580147769
1580147770
1580147771
1580147774
1580147776
1580147778
1580147781
1580147782
1580147783
1580147785
1580147786
1580147791
1580147795
1580147797
1580147798
1580147799
1580147801
1580147804
1580147805
1580563413
1580710690
1580710692
1580710693
1580710694
1580710695
1580710696
1580710697
1580710698
1580710699
1580710700
1580710701
1580710702
1580710703
1580710704
1580710707
1580710708
1580710710
1580710711
1580710712
1580710713
1580710715
1580710716
1580710717
1580710718
1580710719
1580710720
1580710721
1580710722
1581151564
1581151565
1581151566
1581151567
1581151568
1581151569
1581151571
1581151572
1581151573
1581151574
1581151945
1581151948
1581151951
1581151952
1581151954
1581151956
1581151957
1581151958
1581151959
1581151960
1581151961
1581151963
1581151966
1581151967
1581151970
1581151971
1581151972
1581151973
1581559751
1581559753
1581559754
1581559755
1581559756
1581559759
1581559760
1581559761
1581559763
1581559771
1581559776
1581559778
1581559780
1581559781
1581559782
1581559783
1581559784
1581559785
1581559786
1581559787
1581559789
1581559790
1581559791
1581559793
1581559794
1581559795
1581559796
1581559797
1581559799
1582046701
1582046702
1582046704
1582046705
1582046707
1582046708
1582046712
1582046713
1582046714
1582046715
1582046716
1582046717
1582046718
1582046719
1582046720
1582046721
1582046723
1582046724
1582046725
1582046726
1582046728
1582046731
1582046732
1582046733
1582046734
1582046735
1582046736
1582046737
1582046738
1582578060
1582578061
1582578062
1582578063
1582578064
1582578065
1582578066
1582578067
1582578068
1582578069
1582578070
1582578071
1582578072
1582578073
1582578074
1582578075
1582578076
1582578077
1582578078
1582578079
1582578081
1582578082
1582578084
1582578085
1582578087
1582578088
1582578091
1582578095
1582578096
1582615825
1582615826
1582948862
1582948863
1582948864
1582948865
1582948867
1582948868
1582948869
1582948870
1582948871
1582948872
1582948873
1582948874
1582948875
1582948876
1582948877
1582948878
1582948879
1582948880
1582948881
1582948882
1582948883
1582948884
1582948886
1582948887
1582948888
1582948889
1582948890
1582986941
1583249410
1583260338
1583260339
1583274778
1583274779
1583274780
1583274781
1583274782
1583274783
1583274784
1583274785
1583274786
1583274787
1583274788
1583274789
1583274790
1583274791
1583274792
1583274793
1583274794
1583274804
1583274805
1583274807
1583274808
1583274809
1583274810
1583274811
1583274812
1583405655
1583582516
1583582517
1583582518
1583582519
1583582520
1583582521
1583582522
1583582523
1583582524
1583582525
1583582526
1583582527
1583582528
1583582529
1583582530
1583582531
1583582532
1583582533
1583582534
1583582535
1583582536
1583582537
1583582538
1583582539
1583582540
1583582541
1583582542
1583582543
1583724383
1583724384
1583724385
1583724386
1583724387
1583724388
1583724389
1583724390
1583724391
1583724392
1583785760
1583785763
1583785764
1583785765
1583785766
1583785767
1583785769
1583785771
1583785772
1583785774
1583879758
1583921459
1583921466
1583922137
1583922340
1583922341
1583922342
1583926313
1583928977
1583936400
1583936401
1583986866
1583986867
1583986875
1583986876
1583986877
1583986882
1583986883
1583986884
1583986885
1584040400
1584040402
1584040403
1584040404
1584040405
1584040412
1584040413
1584040414
1584040415
1584040416
1584094805
1584094807
1584094808
1584094812
1584094813
1584094814
1584317891
1584317892
1584317893
1584317894
1584317895
1584317896
1584317897
1584317898
1584317899
1584317900
1584317902
1584317903
1584317904
1584317905
1584317906
1584317907
1584317908
1584317909
1584317910
1584317911
1584600453
1584600454
1584600455
1584600456
1584600457
1584600458
1584600459
1584600460
1584600461
1584600462
1584600463
1584600464
1584600465
1584600466
1584600467
1584600468
1584600469
1584600470
1584600781
1584600782
1584600784
1584600786
1584600787
1584600788
1584600789
1584610488
1584610490
1584618967
1584619306
1584906496
1584906497
1584906498
1584906499
1584906500
1584906501
1584906502
1584906503
1584906504
1584906505
1584906522
1584906523
1584906524
1584906525
1584906529
1584906530
1584906531
1584906532
1584906535
1584906536
1584906537
1584906538
1584906540
1584906542
1584906543
1584906546
1584906547
1584906548
1584906549
1585238528
1585238529
1585238530
1585238531
1585238532
1585238533
1585238534
1585238535
1585238539
1585238540
1585238541
1585238542
1585238543
1585238544
1585238545
1585238552
1585238554
1585238555
1585238556
1585238557
1585238560
1585238561
1585238562
1585238563
1585238564
1585238565
1585238566
1585238567
1585238568
1585238570
1585583096
1585583097
1585583098
1585583099
1585583100
1585583102
1585583103
1585583104
1585583120
1585583123
1585583124
1585583125
1585583126
1585583127
1585583128
1585583129
1585583131
1585583134
1585583135
1585583136
1585583137
1585583138
1585583140
1585583141
1585583142
1585583143
1585583145
1585583147
1585583148
1586000345
1586008480
1586009295
1586009296
1586009297
1586009298
1586009299
1586009300
1586009301
1586009302
1586009303
1586009304
1586009305
1586009306
1586009307
1586009308
1586009309
1586009310
1586009311
1586009313
1586009314
1586009315
1586009316
1586009317
1586009318
1586009319
1586009320
1586009321
1586009322
1586009324
1586009325
1586426147
1586426148
1586426149
1586426150
1586426151
1586426152
1586426153
1586426154
1586426155
1586426156
1586426157
1586426158
1586426159
1586426160
1586426162
1586426164
1586426165
1586426166
1586426167
1586426168
1586426169
1586426170
1586426171
1586426172
1586426174
1586426175
1586426176
1586426177
1586426178
1586889869
1586889870
1586889871
1586889872
1586889873
1586889874
1586889875
1586889876
1586889877
1586889878
1586889879
1586889880
1586889881
1586889882
1586889884
1586889885
1586889886
1586889887
1586889888
1586889889
1586889890
1586889891
1586889892
1586889893
1586889895
1586889896
1586889897
1586889898
1586909449
1587357574
1587357575
1587357577
1587357579
1587357580
1587357581
1587357582
1587357583
1587357587
1587357588
1587357592
1587357596
1587357598
1587357600
1587357601
1587357602
1587357606
1587357609
1587357610
1587357611
1587358323
1587358324
1587358325
1587358326
1587358328
1587358329
1587358330
1587358331
1587358332
1587775839
1587775840
1587775843
1587775844
1587775847
1587775848
1587775849
1587775854
1587775857
1587775859
1587775861
1587775862
1587775863
1587775864
1587775866
1587775867
1587775869
1587775870
1587775871
1587775874
1587787693
1587787694
1587787695
1587787696
1587787697
1587787703
1587787704
1587787705
1587787708
1587787709
1588520363
1588520364
1588520365
1588520366
1588520367
1588520368
1588520369
1588520370
1588520371
1588520372
1588520532
1588520533
1588520536
1588520537
1588520538
1588520542
1588520543
1588520544
1588520545
1588520546
1588520547
1588520548
1588520549
1588520552
1588520553
1588520556
1589054658
1589054659
1589054660
1589054661
1589054664
1589054666
1589054668
1589054669
1589054670
1589054671
1589054672
1589054674
1589054679
1589054680
1589054681
1589054682
1589054683
1589054684
1589565934
1589565935
1589565936
1589565937
1589565938
1589565940
1589565941
1589565942
1589565943
1589565945
1589566237
1589566238
1589566239
1589566240
1589566241
1589566242
1589566245
1589566247
1589566250
1589566251
1589566252
1589566253
1589566328
1589566329
1589566330
1589566334
1589566336
1589566338
1589566339
1589566341
1589566342
1589566343
1589901252
1589901254
1589901255
1589901256
1589901257
1589901260
1589901262
1589901263
1589901264
1589901265
1589901266
1589901267
1589901281
1589901283
1589901285
1589901286
1589901290
1589901292
1589901297
1589901298
1590187418
1590198799
1590247403
1590263510
1590276825
1590283970
1590321098
1590563806
1590563808
1590563809
1590563813
1590563817
1590563818
1590563820
1590563825
1590563826
1590563827
1590563829
1590563831
1590563834
1590563835
1590563836
1590563837
1590563839
1590563840
1590563841
1590563842
1590563843
1590563848
1590563851
1590563853
1590563855
1590563856
1590563857
1590563859
1590563860
1590980980
1590990441
1590990958
1591018798
1591018799
1591018800
1591018801
1591018802
1591018803
1591018804
1591018806
1591018807
1591018808
1591018809
1591018810
1591018812
1591018813
1591018814
1591018815
1591018816
1591018817
1591018819
1591234401
1591234402
1591234403
1591234404
1591234406
1591234407
1591234409
1591234410
1591289395
1591289397
1591289398
1591289399
1591300250
1591328396
1591328397
1591328398
1591328399
1591328400
1591538105
1591733062
1591733063
1591733064
1591733065
1591733067
1591733068
1591733069
1591733070
1591733071
1591733072
1591815473
1591815474
1591815475
1591815476
1591815477
1591815478
1591815479
1591815480
1591815481
1591815482
1593222048
1593222049
1593222050
1593222051
1593222052
1593222054
1593222055
1593222056
1593222057
1593222058
1593222059
1593222060
1593222061
1593222064
1593222065
1593222066
1593222074
1593222075
1593222082
1593534674
1593534677
1593534678
1593534679
1593534680
1593534681
1593534682
1593534685
1593534686
1593534687
1593534691
1594957394
1594957395
1594957396
1594957397
1594957398
1594957399
1594957400
1594957402
1594957403
1594957404
1594957405
1594957406
1594957407
1594957408
1594957410
1594957411
1594957412
1594957413
1594957415
1594957417
1594957419
1594957421
1594957422
1594957423
1594957424
1594957425
1594957426
1594957427
1594957428
1594957432
1594957433
1594957434
1594957439
1594957440
1594957442
1594957443
1594957444
1594957445
1594957446
1594957448
1595460292
1595460294
1595460296
1595460297
1595460298
1595460299
1595460304
1595460305
1595460306
1595525811
1595525812
1595525813
1595525814
1595525836
1595525838
1595525849
1595525850
1595525851
1595707071
1595707073
1595719742
1595719743
1595759195
1595759196
1595771044
1595771060
1595781990
1596236267
1596236271
1596236272
1596236273
1596236274
1596236275
1596236276
1596236277
1596236278
1596236279
1596236282
1596236284
1596236286
1596236288
1596236290
1596236292
1596236295
1596236296
1596236297
1596236301
1596236302
1596236306
1596236309
1596236310
1596236312
1596236314
1596236317
1596236319
1596236322
1596576245
1596587557
1596606095
1596626683
1596631076
1596631140
1596634955
1596671899
1596679300
1596679304
1596687724
1596728647
1596729516
1596729517
1596729518
1596729519
1596729611
1596730907
1596738249
1596748329
1596782117
1596824557
1596927515
1596927557
1596927639
1596927716
1596949705
1596955102
1596965465
1596982475
1597048830
1597119872
1597119873
1597134326
1597182756
1597182760
1597182761
1597182762
1597182763
1597182764
1597183529
1597183585
1597183587
1597183588
1597183590
1597183591
1597183592
1597183593
1597183594
1597183631
1597183633
1597183634
1597183635
1597183636
1597183637
1597183638
1597183639
1597183640
1597292895
1597336002
1597362268
1597370764
1597385452
1597433474
1597433476
1597442593
1597459810
1597525701
1597648671
1597648673
1597648674
1597648677
1597648678
1597648680
1597648681
1597648682
1597648685
1597648688
1597648689
1597648691
1597648692
1597648697
1597648698
1597648699
1597648700
1597648701
1597787307
1597831295
1597854352
1597868580
1597868585
1597888391
1597927926
1597950372
1597963720
1597991492
1598229713
1598229714
1598229715
1598229716
1598229718
1598229720
1598229721
1598229722
1598229723
1598229724
1598229725
1598229726
1598229727
1598229729
1598229730
1598229732
1598229733
1598229734
1598229735
1598229736
1598399647
1598399648
1598399649
1598399651
1598399652
1598399660
1598399661
1598399662
1598399663
1598706400
1598711022
1598713709
1598740300
1598742283
1598742284
1598742285
1598742286
1598742287
1598742295
1598742297
1598742298
1598742305
1598742306
1598742309
1598742310
1598742311
1598742313
1598742314
1598742322
1598742325
1598742329
1598742334
1598742338
1598742339
1598742340
1598742341
1598742342
1598742343
1599247382
1599247383
1599267629
1599289771
1599289772
1599289773
1599289774
1599289775
1599289777
1599289779
1599289781
1599289785
1599289786
1599289787
1599289788
1599289789
1599289792
1599289793
1599289794
1599289795
1599289829
1599289831
1599289832
1599289833
1599289834
1599289837
1599289838
1599289842
1599289845
1599456144
1599478383
1599493100
1599523751
1599534971
1599550070
1599562091
1599613559
1599613562
1599624959
1599734747
1599734755
1599734756
1599734758
1599734761
1599734763
1599734764
1599734765
1599734766
1599734768
1599734769
1599734770
1599734771
1599734772
1599734773
1599734774
1599734775
1599734777
1599734778
1599734780
1599734781
1599734782
1599734783
1599734784
1599734785
1599734786
1599734787
1599734789
1599734790
1600190471
1600190472
1600190474
1600190475
1600190476
1600190478
1600190479
1600190480
1600190483
1600190484
1600190485
1600190488
1600190491
1600190494
1600190495
1600190496
1600190497
1600190502
1600190503
1600190506
1600190507
1600190508
1600190509
1600190511
1600190512
1600190513
1600190514
1600190515
1600190518
1600830075
1600830076
1600830080
1600830083
1600830084
1600830085
1600830086
1600830087
1600831352
1600831353
1600831354
1600831355
1600831357
1600831360
1600831361
1600831362
1600831363
1600831364
1600831710
1600831711
1600831712
1600831713
1600831715
1600831718
1600831719
1600831720
1600831721
1600831722
1600831723
1601135944
1601138343
1601181803
1601181804
1601181805
1601181806
1601181817
1601181818
1601181819
1601181820
1601181879
1601181881
1601181882
1601181883
1601181894
1601181895
1601181896
1601181897
1601181898
1601181899
1601181900
1601182904
1601182914
1601182915
1601182916
1601182917
1601182918
1601182942
1601184566
1601184567
1601184568
1601545875
1601545878
1601545879
1601545880
1601547020
1601547021
1601547023
1601547024
1601547025
1601547026
1601548523
1601548524
1601548525
1601548526
1601548527
1601548528
1601548530
1601548531
1601548532
1601548558
1601548559
1601548560
1601548561
1601548562
1601550721
1601550722
1601550723
1601550724
1601907108
1601907109
1601907110
1601907111
1601907112
1601909355
1601909356
1601909358
1601909369
1601909370
1601909493
1601909494
1601909505
1601909506
1601909507
1601910884
1601910885
1601910886
1601910887
1601910888
1601911488
1602200646
1602200647
1602200648
1602200649
1602200650
1602200729
1602200730
1602202355
1602202356
1602206132
1602206133
1602206442
1602206444
1602206782
1602206783
1602206784
1602206785
1602216939
1602216940
1602216941
1602216942
1602216943
1602217980
1602217981
1602217985
1602218288
1602218332
1602218333
1602220686
1602220688
1602220689
1602220690
1602220781
1602220783
1602433700
1602433701
1602433702
1602433812
1602433814
1602433815
1602435461
1602462634
1602462635
1602462736
1602462737
1602462738
1602463638
1602463639
1602463640
1602463738
1602463739
1602608066
1602608419
1602608430
1602608438
1602608462
1602608726
1602608727
1602608728
1602608734
1602626043
1602764045
1602764046
1602764047
1602764048
1602764577
1602764578
1602764579
1602780043
1602780044
1602780045
1602780046
1602780047
1602780048
1602780049
1602780050
1602780051
1602780567
1602780568
1602780569
1602780570
1602780571
1602780572
1603010767
1603010768
1603010769
1603016575
1603016690
1603016727
1603016728
1603016729
1603019663
1603019687
1603019688
1603019689
1603023319
1603023324
1603023325
1603023326
1603023327
1603023328
1603023329
1603023330
1603023331
1603024423
1603024424
1603024425
1603024426
1603024427
1603024428
1603024429
1603024430
1603297744
1603297745
1603297746
1603297747
1603297748
1603297749
1603297750
1603297751
1603297752
1603297753
1603297754
1603297755
1603297756
1603305564
1603305565
1603305566
1603305567
1603305568
1603305569
1603305570
1603305571
1603307816
1603307817
1603307818
1603307819
1603307820
1603307821
1603307822
1603307823
1603628370
1603637992
1603637994
1603637997
1603637999
1603638000
1603638010
1603638013
1603639163
1603639164
1603639165
1603639166
1603639167
1603639173
1603639174
1603639175
1603640963
1603640964
1603640968
1603640970
1603640972
1603640973
1603640974
1603640975
1603640982
1603651277
1603651324
1603658505
1603962820
1603962821
1603962822
1603962824
1603962825
1603962826
1603962827
1603962834
1603962835
1603962836
1603962837
1603965933
1603965934
1603965937
1603965938
1603965939
1603965940
1603965942
1603965943
1603965944
1603965945
1603966488
1603966489
1603966490
1603966491
1603966492
1603966493
1603966494
1603966497
1604302837
1604302838
1604302839
1604302840
1604302841
1604302842
1604306288
1604306289
1604306290
1604306291
1604306292
1604306293
1604306294
1604306295
1604306300
1604310977
1604310978
1604310979
1604310980
1604310981
1604310982
1604310987
1604314228
1604314229
1604314230
1604314231
1604314232
1604317774
1604317775
1604677974
1604677975
1604677976
1604677977
1604677978
1604677979
1604677981
1604677982
1604677987
1604677988
1604681835
1604681836
1604681837
1604681838
1604681843
1604681849
1604681850
1604681851
1604684864
1604684865
1604684866
1604684867
1604684868
1604684875
1604684876
1604684877
1604684882
1604684883
1605039559
1605039560
1605039561
1605039562
1605039563
1605039564
1605039569
1605039570
1605039572
1605039573
1605039574
1605039575
1605045343
1605045344
1605045345
1605045346
1605045347
1605045348
1605045349
1605045661
1605045662
1605045663
1605045664
1605045665
1605045666
1605045667
1605045670
1605045671
1605060914
1605445625
1605445626
1605445627
1605445628
1605445629
1605445630
1605445633
1605445634
1605445635
1605445636
1605445637
1605452031
1605452032
1605452033
1605452036
1605452037
1605452038
1605452039
1605452040
1605452041
1605457419
1605457422
1605457423
1605457424
1605457425
1605457427
1605457428
1605457429
1605457430
1605863574
1605863575
1605863576
1605863577
1605863578
1605863579
1605867484
1605867485
1605867486
1605867487
1605867488
1605867489
1605867490
1605867491
1605867492
1605867493
1605868073
1605868074
1605868075
1605868076
1605868077
1605868078
1605868079
1605868080
1605868081
1605868082
1605868083
1605868084
1605868085
1606341427
1606341428
1606341429
1606341430
1606341431
1606348702
1606348703
1606348704
1606348705
1606348708
1606348709
1606360700
1606360701
1606360702
1606360703
1606360704
1606360708
1606360709
1606363167
1606363168
1606363169
1606363170
1606363171
1606363172
1606363177
1606363178
1606363179
1606363180
1606363181
1606927120
1606927121
1606927122
1606927124
1606927125
1606927129
1606927132
1606927133
1606927550
1606927551
1606927552
1606927553
1606927555
1606927556
1606927559
1606927560
1606927561
1606927562
1606927563
1606927616
1606927617
1606927618
1606927620
1606927621
1606927622
1606927623
1606927628
1606927629
1607202279
1607204975
1607245018
1607248058
1607252823
1607252894
1607262248
1607263647
1607266558
1607270689
1607275042
1607275043
1607331891
1607336624
1607336632
1607344151
1607346773
1607347008
1607347010
1607349334
1607349662
1607361164
1607361236
1607366074
1607405224
1607405225
1607405226
1607405411
1607405415
1607500598
1607500599
1607500600
1607520767
1607520768
1607520770
1607520771
1607520772
1607520773
1607520774
1607707191
1607715991
1607733443
1607733486
1607803938
1607815991
1607816043
1607816044
1607821992
1607821993
1607822052
1607822057
1607822058
1607822059
1607822060
1607822061
1607822062
1607825120
1607825314
1607881501
1608130364
1608175307
1608183598
1608187628
1608187686
1608187714
1608187715
1608187716
1608187719
1608211284
1608211285
1608221558
1608221559
1608221560
1608267554
1608267608
1608269316
1608269379
1608271317
1608277999
1608278000
1608278097
1608278134
1608284846
1608284903
1608284919
1608285008
1608311352
1608311447
1608588572
1608638771
1608645685
1608645734
1608650366
1608650430
1608650431
1608663233
1608663234
1608663235
1608663236
1608663237
1608663238
1608663239
1608663240
1608731164
1608737087
1608743444
1608743445
1608743446
1608743447
1608743448
1608743465
1608743517
1608744785
1608744786
1608744787
1608744788
1608744789
1608842232
1608842940
1608843023
1608864819
1608864820
1608865016
1608927823
1608945337
1608956455
1608956490
1609074693
1609074694
1609074695
1609074696
1609074697
1609080503
1609080504
1609080506
1609086726
1609156478
1609156480
1609161580
1609161581
1609161632
1609161633
1609161634
1609161635
1609161636
1609168854
1609168856
1609168857
1609168858
1609168859
1609168860
1609168919
1609168920
1609168921
1609169889
1609169890
1609554228
1609554229
1609554230
1609554231
1609554439
1609554440
1609554441
1609555739
1609555740
1609555741
1609563935
1609564033
1609564035
1609564038
1609564039
1609565918
1609565920
1609565922
1609565925
1609565926
1610764580
1610764581
1611253094
1611253095
1611253096
1611253097
1611253098
1611253099
1611255973
1611255974
1611255975
1611255976
1611255977
1611256226
1611256227
1611256228
1611256229
1611256230
1611256231
1611375817
1611380095
1611380096
1611394545
1611394546
1611394547
1611394548
1611395547
1611395548
1611395549
1611901090
1612741702
1612741717
1612813704
1612818014
1612819081
1612819090
1612824333
1612828505
1612926939
1612926987
1612926996
1612929314
1612929358
1612929359
1612929418
1612936528
1612936546
1613013196
1613014771
1613213689
1613234522
1613234568
1613234586
1613234588
1613237529
1613269375
1613293727
1613315548
1613315549
1613315593
1613321459
1613321487
1613321509
1613324793
1613324800
1613324801
1613331981
1613332016
1613332049
1613338716
1613338717
1613338741
1613437625
1613437631
1613440535
1613440539
1613440576
1613440577
1613440600
1613440612
1613441841
1613441842
1613441852
1613441881
1613441886
1613441894
1613441913
1613446259
1614003832
1614003833
1614003834
1614003835
1614003836
1614003837
1614003839
1614003840
1614003841
1614003842
1614003843
1614031941
1614031942
1614031943
1614031945
1614031946
1614031947
1614031948
1614031949
1614031950
1614031951
1614031952
1614031953
1614031954
1614031955
1614037142
1614037143
1614037144
1614037145
1614037146
1614037147
1614037148
1614037149
1614037150
1614037151
1614037152
1614037154
1614037155
1614588921
1614588922
1614588923
1614588924
1614588925
1614588926
1614588927
1614588928
1614588929
1614588930
1614588931
1614588932
1614588933
1614588934
1614588935
1614588936
1614589041
1614589042
1614589043
1614589044
1614589045
1614589047
1614589048
1614589049
1614589050
1614589051
1614589054
1614589055
1614589056
1614593729
1614593730
1614593731
1614593732
1614593733
1614593734
1614593735
1614593736
1614593737
1614889372
1614889373
1614897651
1614899902
1614938989
1614954167
1614954168
1615009245
1615009268
1615101367
1615104410
1615104414
1615166868
1615166869
1615166961
1615166995
1615167004
1615167005
1615172582
1615172622
1615174065
1615174992
1615175002
1615175023
1615183252
1615193163
1615193171
1615277598
1615284896
1615290951
1615290952
1615290967
1615296399
1615300983
1615301021
1615301022
1615303691
1615303716
1615303823
1615303842
1615308820
1615308847
1615313017
1615313028
1615393539
1615394977
1615396519
1615646604
1615652389
1615652396
1615652398
1615709365
1615709386
1615709395
1615713953
1615713957
1615713983
1615716174
1615719272
1615719314
1615719354
1615719356
1615722620
1615724180
1615731096
1615731100
1615731101
1615836030
1615839979
1615840013
1615845210
1615845211
1615845222
1615847606
1615847642
1615847665
1615848141
1615848176
1615848184
1615850265
1615850304
1615850310
1615856448
1615859995
1615860001
1616788840
1616788844
1616796460
1616818656
1616818657
1616818658
1616851705
1616851726
1616851735
1616854059
1616854065
1616854083
1616854100
1616854238
1616864343
1616864349
1616869976
1616870010
1616870055
1616870056
1616870057
1616870058
1616870059
1616870060
1616870061
1616873828
1616873829
1616873855
1616873856
1616873857
1616873858
1616873859
1616873860
1616873861
1616879345
1616879346
1616982373
1616984299
1616984300
1616984301
1616984302
1616984303
1616984304
1616984305
1616984306
1616984307
1616984308
1616984309
1616984310
1616990713
1616990714
1616990715
1616990716
1616990717
1616990718
1616990719
1616990720
1616990721
1616990722
1616990723
1616990724
1616990725
1616990726
1616990727
1616990729
1616990730
1616990759
1616994654
1616994655
1616994656
1616994657
1616994659
1616994660
1616994661
1616994662
1616994663
1617374763
1617375811
1617405631
1617413116
1617413117
1617413164
1617413171
1617413231
1617413232
1617413248
1617413249
1617413307
1617413310
1617422549
1617422555
1617422556
1617422557
1617496098
1617518951
1617575532
1617585473
1617628785
1617635259
1617635269
1617635553
1617635554
1617635555
1617635570
1617635607
1617641975
1617646874
1617646902
1617652449
1617652505
1617652509
1617657080
1617664284
1617778541
1617778664
1617778686
1617778688
1617779255
1617781187
1617781188
1617781226
1617781250
1617781307
1617781308
1617782411
1617782419
1617782436
1617782449
1617788560
1617861324
1617862308
1617866872
1618108832
1618111747
1618111759
1618125619
1618172611
1618172619
1618172620
1618172621
1618174870
1618174888
1618174895
1618180987
1618181087
1618181120
1618192264
1618192265
1618203058
1618203065
1618206883
1618211394
1618298011
1618303019
1618303054
1618303069
1618304766
1618307420
1618313207
1618314563
1618314564
1618314582
1618315801
1618323259
1618323271
1618323311
1618323348
1618329848
1618329849
1618333067
1618899362
1618899363
1618899364
1618899365
1618899366
1618899367
1618899368
1618899369
1618899372
1618899373
1618899374
1618899375
1618899376
1618917103
1618917104
1618917107
1618917109
1618917110
1618917111
1618917114
1618917115
1618917116
1618917117
1618917118
1618917120
1618917121
1618917122
1618917123
1618918939
1618918940
1618918941
1618918942
1618918943
1618918944
1618918945
1618918947
1618918948
1618921190
1619454341
1619454342
1619454343
1619454344
1619454345
1619454346
1619454347
1619454348
1619454349
1619454453
1619454454
1619454455
1619454456
1619454457
1619454458
1619454459
1619456910
1619456911
1619456912
1619456913
1619456914
1619456915
1619456916
1619456917
1619456918
1619456919
1619456920
1619456921
1619456922
1619456923
1619457694
1619457695
1619457696
1619457697
1619457698
1619457699
1619457700
1619457701
1619883996
1619884022
1619884038
1619902579
1619926442
1619926467
1619926479
1619940463
1619940465
1619940466
1619942012
1619944566
1619944579
1619944609
1619944619
1619950132
1619950177
1619950185
1619954188
1619954237
1620020702
1620031268
1620041061
1620041068
1620041285
1620053250
1620053294
1620053300
1620056432
1620062730
1620062805
1620062842
1620062911
1620066779
1620122242
1620122243
1620128139
1620128140
1620133498
1620133509
1620331120
1620344967
1620344971
1620344977
1620372750
1620376891
1620376892
1620395006
1620395020
1620398949
1620398969
1620398997
1620399036
1620401050
1620401058
1620405579
1620409472
1620409480
1620412274
1620456694
1620481120
1620488365
1620488380
1620490406
1620490411
1620490471
1620492434
1620492448
1620500643
1620500646
1620500683
1620501765
1620501807
1620508338
1620508339
1620508341
1620572854
1620572859
1620777508
1620779434
1620803279
1620807731
1620807751
1620818180
1620818181
1620818183
1620818184
1620818250
1620834845
1620834846
1620834890
1620865477
1620889050
1620899232
1620916753
1620916765
1620925911
1620925982
1620932879
1620936103
1620936211
1620936283
1620944130
1620995932
1621171446
1621178800
1621178801
1621210460
1621210514
1621244275
1621256315
1621280035
1621284607
1621313344
1621313345
1621313346
1621313347
1621313348
1621313349
1621313350
1621313351
1621313352
1621316230
1621316245
1621316246
1621316247
1621316248
1621316249
1621316251
1621316252
1621316253
1621317165
1621317166
1621317167
1621317168
1621317169
1621317170
1621317172
1621317173
1621317175
1621460738
1621465383
1621474078
1621474080
1621502545
1621502569
1621533244
1621546831
1621546912
1621571763
1621583420
1621583421
1621583422
1621583423
1621583424
1621586488
1621586489
1621586490
1621587368
1621587369
1621587370
1621587371
1621587372
1621591914
1621591915
1621591916
1621591917
1621591918
1621596138
1621596139
1621596140
1621596141
1621597126
1621597957
1621597958
1621597959
1621600570
1621600617
1621605820
1621619956
1621643199
1621646301
1621646334
1621646335
1621654405
1621654436
1621690353
1621690374
1621694222
1621698143
1621714889
1621717723
1621748102
1621759246
1621769049
1621778627
1621901900
1621901905
1621901912
1621916480
1621931685
1621931686
1621931697
1621931717
1621931805
1621931819
1621931820
1621931823
1621931827
1621931828
1621931835
1621935913
1621960219
1621962860
1621975356
1621975979
1621976150
1621976202
1621983500
1621983904
1621990791
1621990798
1622010096
1622010879
1622010924
1622010925
1622010926
1622010927
1622012901
1622012903
1622012904
1622013848
1622013849
1622013850
1622108215
1622109437
1622110370
1622129543
1622133186
1622144377
1622144385
1622150043
1622150106
1622152571
1622152573
1622152574
1622167372
1622177442
1622212278
1622212332
1622212334
1622221787
1622221788
1622221789
1622221822
1622221914
1622221956
1622223735
1622230156
1622232148
1622236039
1622236053
1622239604
1622243912
1622269721
1622272754
1622315650
1622315651
1622446119
1622449350
1622449356
1622462798
1622485124
1622485129
1622495222
1622495223
1622495224
1622495252
1622502388
1622502432
1622502497
1622502498
1622502558
1622515784
1622543784
1622562635
1622562637
1622562638
1622562808
1622562809
1622562810
1622562822
1622564506
1622564507
1622564508
1622564511
1622564512
1622571062
1622572330
1622572331
1622572344
1622572382
1622572999
1622578502
1622579591
1622626398
1622820015
1622825248
1622825261
1622825359
1622846016
1622861366
1622865068
1622865088
1622865102
1622872679
1622872680
1622872681
1622872763
1622883919
1622883926
1622883938
1622883982
1622890805
1622895166
1622934069
1622945707
1622945743
1622959824
1622959841
1622959886
1622959918
1622959919
1622963310
1622968202
1622968211
1622968249
1622971956
1622973039
1622973040
1622978206
1623016928
1623026170
1623234545
1623235780
1623269474
1623269519
1623269520
1623269521
1623277593
1623286356
1623286357
1623286433
1623293984
1623307612
1623356570
1623373842
1623373843
1623373844
1623373845
1623373846
1623382574
1623382575
1623382576
1623382577
1623382578
1623382579
1623382580
1623382901
1623382902
1623382903
1623382904
1623382906
1623382907
1623382908
1623382920
1623385133
1623389840
1623394774
1623396192
1623441829
1623533101
1623660037
1623660038
1623660043
1623687827
1623687903
1623698429
1623698441
1623698442
1623698443
1623703037
1623703066
1623723139
1623734220
1623734236
1623734257
1623734311
1623745386
1623745549
1623770930
1623793861
1623793904
1623793918
1623794020
1623808055
1623808056
1623808064
1623808648
1623808696
1623817104
1623817134
1623817159
1623826380
1623826381
1623830358
1623869317
1623874427
1623875463
1624075377
1624088582
1624088587
1624098179
1624124580
1624124581
1624124623
1624128182
1624128183
1624128271
1624128272
1624160600
1624176692
1624176693
1624212254
1624220204
1624220207
1624220208
1624221174
1624221175
1624221177
1624221178
1624221186
1624226948
1624226950
1624226958
1624226963
1624234442
1624234443
1624237802
1624237919
1624237934
1624242933
1624243528
1624243611
1624243783
1624243826
1624297253
1624503297
1624503303
1624503321
1624530630
1624530657
1624530659
1624535737
1624540612
1624540615
1624540641
1624540660
1624573499
1624573500
1624579728
1624579777
1624589834
1624644734
1624664967
1624664977
1624665243
1624665244
1624665252
1624670386
1624670387
1624670388
1624670399
1624670400
1624670401
1624670411
1624679991
1624683069
1624683077
1624683088
1624683408
1624688048
1624701046
1624703256
1624742944
1624979573
1624979762
1625019034
1625049669
1625049670
1625049696
1625049745
1625049746
1625051926
1625051927
1625080323
1625124894
1625124896
1625124897
1625124898
1625136566
1625136567
1625136568
1625136569
1625154997
1625155116
1625155378
1625155428
1625155430
1625172864
1625172893
1625172903
1625178865
1625185167
1625186277
1625186292
1625186339
1625186621
1625198063
1625201618
1625249125
1625249130
1625486888
1625518163
1625518247
1625518267
1625550020
1625550055
1625550056
1625552963
1625552982
1625552983
1625553024
1625556232
1625587679
1625597331
1625597380
1625597840
1625597841
1625610785
1625618045
1625618051
1625618161
1625656530
1625674730
1625674778
1625674779
1625674804
1625690375
1625690449
1625693959
1625696348
1625696349
1625701197
1625701266
1625705667
1625711738
1625711769
1625715053
1625715062
1626173970
1626173971
1626177374
1626177375
1626177376
1626177377
1626177378
1626177379
1626177383
1626177384
1626177385
1626177386
1626177387
1626180284
1626180285
1626180286
1626180287
1626180288
1626180289
1626180290
1626180291
1626180292
1626180336
1626186202
1626186203
1626186204
1626186205
1626186206
1626186209
1626186254
1626186255
1626186256
1626186257
1626186258
1626195023
1626195024
1626195025
1626195026
1626745158
1626745159
1626745163
1626745164
1626745165
1626745166
1626745167
1626759237
1626759238
1626759240
1626759241
1626759242
1626759243
1626759244
1626759245
1626759246
1626759247
1626759248
1626759249
1626759250
1626759251
1626759252
1626759253
1626759254
1626759347
1626759348
1626759349
1626759351
1626759352
1626759353
1626759354
1626759356
1626759357
1626759358
1626759359
1626759360
1627388873
1627388895
1627388902
1627445498
1627454421
1627492883
1627492885
1627492931
1627492992
1627492994
1627493068
1627505746
1627512294
1627512424
1627546452
1627602308
1627611943
1627616722
1627628303
1627635331
1627644567
1627644590
1627644744
1627644859
1627649182
1627652169
1627655852
1627684570
1627684571
1627684572
1627684573
1627688035
1627688036
1627688037
1627688038
1627688039
1627688040
1627730477
1628028171
1628028174
1628029774
1628050807
1628050809
1628052363
1628070643
1628070655
1628071740
1628071764
1628071772
1628101243
1628101271
1628101311
1628101316
1628105538
1628105557
1628132089
1628132094
1628136532
1628222115
1628222134
1628222233
1628225155
1628238969
1628244347
1628250327
1628250374
1628252429
1628252455
1628252532
1628261513
1628262500
1628262501
1628304824
1628305870
1628305871
1628598134
1628638391
1628638472
1628640515
1628640516
1628649296
1628669051
1628669052
1628669142
1628674706
1628681778
1628681843
1628681863
1628695953
1628695954
1628775690
1628786088
1628786090
1628786091
1628786092
1628786093
1628786095
1628786106
1628790352
1628790353
1628790355
1628790356
1628791444
1628801509
1628801510
1628801527
1628804882
1628804899
1628806124
1628810107
1628810148
1628810297
1628857868
1629179975
1629184027
1629184031
1629210543
1629239518
1629239554
1629239555
1629239588
1629239668
1629239694
1629254554
1629254629
1629254631
1629271858
1629275019
1629285767
1629360495
1629375475
1629375502
1629375503
1629375519
1629385718
1629398945
1629401545
1629401569
1629405646
1629405693
1629405694
1629410080
1629410086
1629410087
1629410954
1629410982
1629410983
1629410985
1629410986
1629442475
1629442842
1629487127
1629487128
1629487512
1629487513
1629487514
1629487515
1629487516
1629495941
1629495942
1629495943
1629495944
1629495945
1629791966
1629791968
1629804553
1629804554
1629804555
1629809027
1629809028
1629809029
1629913913
1629913914
1629913915
1629916054
1629916055
1629931369
1629931370
1629931371
1629931372
1629931373
1629944677
1629944678
1629949431
1629949432
1629949433
1629949434
1629949435
1629949466
1629949467
1629949469
1629949470
1629949767
1629949768
1629949769
1629949805
1629949807
1629949808
1629949809
1629956870
1630451174
1630909791
1630909792
1630909793
1630909794
1630920847
1630920848
1630920849
1630920850
1630929615
